VERSION
           15           3
            1
PARAMETERS
      30.0000         30.0000         5.00000
      2.50000        0.500000
      30.0000         5.00000
           2240.00000000              250.000000000              60.0000000000            0.00000000000
           40.0000000000
            2           2           2           2
            1           1           1           1
            0
TEMP_GRAPHICS
           15
           20           8           6
            1           1           3           1           1           0           0           0
      0.00000         0.00000         0.00000         0.00000         0.00000         0.00000
            1           2           3           1           1           0           0           0
      0.00000         0.00000         0.00000         0.00000         0.00000         0.00000
            1           3           6           2           2           0           0           0
      0.00000         0.00000         0.00000         0.00000         0.00000         0.00000
            1           4           6           1           1           0           0           0
      0.00000         0.00000         0.00000         0.00000         0.00000         0.00000
            1           5           6           1           1           0           0           0
      0.00000         0.00000         0.00000         0.00000         0.00000         0.00000
            1           7           8           2           1           0           0           0
      0.00000         0.00000         0.00000         0.00000         0.00000         0.00000
            1           8          23           2           1           2           0           0
      0.00000         0.00000         0.00000         0.00000         0.00000         0.00000
            1           8          16           2           1           2           0           0
      0.00000         0.00000         0.00000         0.00000         0.00000         0.00000
            1           8          15           2           1           2           0           0
      0.00000         0.00000         0.00000         0.00000         0.00000         0.00000
            1          12          15           1           1           2           0           0
      0.00000         0.00000         0.00000         0.00000         0.00000         0.00000
            1          12          16           1           1           2           0           0
      0.00000         0.00000         0.00000         0.00000         0.00000         0.00000
            1           9          13           2           1           0           0           0
      0.00000         0.00000         0.00000         0.00000         0.00000         0.00000
            1           9          10           1           1           4           0           0
      0.00000         0.00000         0.00000         0.00000         0.00000         0.00000
            2           1           2           1           1           0           0           0
      0.00000         0.00000         0.00000         0.00000         0.00000         0.00000
            2           4           5           1           1           0           0           0
      0.00000         0.00000         0.00000         0.00000         0.00000         0.00000
            2          15          16           1           1           0           0           0
      0.00000         0.00000         0.00000         0.00000         0.00000         0.00000
            1          23          12           0           0           2           0           0
      0.00000         0.00000         0.00000         0.00000         0.00000         0.00000
            1          24          25           0           0           9           0           0
      0.00000         0.00000         0.00000         0.00000         0.00000         0.00000
            1          24          27           0           0           9           0           0
      0.00000         0.00000         0.00000         0.00000         0.00000         0.00000
            1          25          26           0           0           9           0           0
      0.00000         0.00000         0.00000         0.00000         0.00000         0.00000
TEMP_SETTINGS
           15
Double Wishbone, Rocker arm damper
            6          27          12          16           3
Lower Wishbone
Upper Wishbone
Track Rod
Pull Rod
Rocker
Upright
Lower wishbone front pivot
Not Defined
Not Defined
Not Defined
Not Defined
Not Defined
     -21.5000         75.0000         163.000
            1           0           1          -1           1           0           0           0           0
            0           0           0           0           0           0           0
Lower wishbone rear pivot
Not Defined
Not Defined
Not Defined
Not Defined
Not Defined
      588.000         75.0000         165.000
            2           0           1          -1           2           0           0           0           0
            0           0           0           0           0           0           0
Lower wishbone outer ball joint
Not Defined
Not Defined
Not Defined
Not Defined
Not Defined
      156.600         805.500         189.000
            3           1           1           6           3           1           2           0           6
            9           0           9           0           0           0           0
Upper wishbone front pivot
Not Defined
Not Defined
Not Defined
Not Defined
Not Defined
      19.7000         148.390         377.000
            5           0           2          -1           4           0           0           0           0
            0           0           0           0           0           0           0
Upper wishbone rear pivot
Not Defined
Not Defined
Not Defined
Not Defined
Not Defined
      588.000         148.390         377.000
            6           0           2          -1           5           0           0           0           0
            0           0           0           0           0           0           0
Upper wishbone outer ball joint
Not Defined
Not Defined
Not Defined
Not Defined
Not Defined
      162.000         772.500         408.500
            7           1           2           6           6           4           5           0           3
            9           0           8           0           0           0           0
Push rod wishbone end
Not Defined
Not Defined
Not Defined
Not Defined
Not Defined
      150.000         700.000         425.000
            8           5           2           4           9           4           5           6           0
            0           0           0           0           0           1           0
Push rod rocker end
Not Defined
Not Defined
Not Defined
Not Defined
Not Defined
      165.000         350.000         225.000
            9           1           4           5          10           7           0           0          15
           16           0           0           0           0           0           0
Outer track rod ball joint
Not Defined
Not Defined
Not Defined
Not Defined
Not Defined
      80.0000         798.000         405.000
           11           1           3           6           8          10           0           0           3
            6           0           0           0           0           0           0
Inner track rod ball joint
Not Defined
Not Defined
Not Defined
Not Defined
Not Defined
     -21.5000         153.000         372.500
           12           0           3          -1           7           0           0           0           0
            0           0           3           0           0           0           0
Damper to body point
Not Defined
Not Defined
Not Defined
Not Defined
Not Defined
      155.000         175.000         585.000
           16           0          -1           0           0           0           0           0           0
            0           0           5           7           0           0           0
Damper to rocker point
Not Defined
Not Defined
Not Defined
Not Defined
Not Defined
      162.000         300.000         245.000
           17           2           5           0           0           8          15          16           0
            0           0           4           6           0           0           0
Wheel spindle point
DERIVED
Not Defined
Not Defined
Not Defined
Not Defined
      160.000         794.000         306.000
           18           5           6           0           0           3           9          14           0
            0           0           2           0           0           0           0
Wheel centre point
Not Defined
Not Defined
Not Defined
Not Defined
Not Defined
      160.000         894.000         310.000
           19           3           6           0           0           3           6           9           0
            0           0           1           0           0           0           0
Rocker axis 1st point
Not Defined
Not Defined
Not Defined
Not Defined
Not Defined
      205.000         92.0000         285.000
           20           0           5          -1          11           0           0           0           0
            0           0           0           0           0           0           0
Rocker axis 2nd point
Not Defined
Not Defined
Not Defined
Not Defined
Not Defined
      100.000         92.0000         288.000
           21           0           5          -1          12           0           0           0           0
            0           0           0           0           0           0           0
Part 1 C of G
Not Defined
Not Defined
Not Defined
Not Defined
Not Defined
      240.000         320.000         170.000
           22           2           1           0           0           1           2           3           0
            0           0          25           0           0           0           0
Part 2 C of G
Not Defined
Not Defined
Not Defined
Not Defined
Not Defined
      230.000         440.000         395.000
           23           2           2           0           0           4           5           6           0
            0           0          25           0           0           0           0
Part 3 C of G
Not Defined
Not Defined
Not Defined
Not Defined
Not Defined
      29.0000         475.000         390.000
           24           7           3           0           0          10           9           0           0
            0           0          25           0           0           0           0
Part 4 C of G
Not Defined
Not Defined
Not Defined
Not Defined
Not Defined
      155.000         525.000         325.000
           25           7           4           0           0           8           9           0           0
            0           0          25           0           0           0           0
Part 5 C of G
Not Defined
Not Defined
Not Defined
Not Defined
Not Defined
      155.000         180.000         265.000
           26           2           5           0           0          15          16           8           0
            0           0          25           0           0           0           0
Part 6 C of G
Not Defined
Not Defined
Not Defined
Not Defined
Not Defined
      135.000         790.000         335.000
           27           2           6           0           0           3           6           9           0
            0           0          25           0           0           0           0
ARB to rocker
Not Defined
Not Defined
Not Defined
Not Defined
Not Defined
      0.00000         0.00000         0.00000
            0           2           5           0           0           8          15          16           0
            0           0           0           0           0           0           0
cockpit FT
Not Defined
Not Defined
Not Defined
Not Defined
Not Defined
      0.00000         0.00000         0.00000
            0           0          -1           0           0           0           0           0           0
            0           0           0           0           0           0           0
cockpit FB
Not Defined
Not Defined
Not Defined
Not Defined
Not Defined
      0.00000         0.00000         0.00000
            0           0          -1           0           0           0           0           0           0
            0           0           0           0           0           0           0
cockpit RB
Not Defined
Not Defined
Not Defined
Not Defined
Not Defined
      0.00000         0.00000         0.00000
            0           0          -1           0           0           0           0           0           0
            0           0           0           0           0           0           0
cockpit RT
Not Defined
Not Defined
Not Defined
Not Defined
Not Defined
      0.00000         0.00000         0.00000
            0           0          -1           0           0           0           0           0           0
            0           0           0           0           0           0           0
            1           2           3
      0.00000         0.00000         0.00000
      1.00000         1.00000         1.00000
EXTENDED_TYRE
            0           0
FRONT SUSPENSION
           15
          -157.000000000              155.000000000              150.000000000
           143.000000000              155.000000000              150.000000000
          -10.1000003815              573.880004883              145.800003052
          -157.000000000              197.500000000              344.000000000
           143.000000000              197.500000000              344.000000000
          -7.03999996185              552.000000000              377.600006104
          -7.03999996185              519.320007324              353.299987793
          -7.03999996185              208.000000000              123.299987793
          -63.0999984741              582.000000000              180.399993896
          -87.0000000000              225.000000000              171.399993896
          -7.03999996185              192.399993896              346.000000000
          -7.03999996185              208.190002441              176.000000000
        3.110401042630E-12            515.799987793              262.652923584
         0.00000000000                618.299987793              264.799987793
          -7.03999996185              155.000000000              150.000000000
          -8.03999996185              155.000000000              150.000000000
           240.000000000              296.487701416              155.318206787
           230.000000000              410.734710693              384.742401123
           26.4057998657              441.477691650              383.727386475
           155.785202026              497.571502686              321.587005615
           155.000000000              123.876296997              230.478897095
           135.000000000              762.533020020              338.485992432
          -7.03999996185              184.000000000              148.000000000
          -200.000000000              183.000000000              400.000000000
          -200.000000000              183.000000000              29.0699996948
           200.000000000              183.000000000              29.5690002441
           200.000000000              183.000000000              400.000000000
           235.000000000
TOLERANCES
        1.000000000000E-10         5.000000000000E-02         5.000000000000E-02
TITLES
            0
TYRE
           205.000000000              205.000000000              205.000000000              205.000000000
ROLL SOLUTION
            1
GROUPS
            2
Points 1,2 and 3 (front)
            3
            1           1
            2           1
            3           1
Points 3 and 7 (front)
            2
            3           1
            7           1
COMPLIANCE
            0
      41.5000         300.000         246.500
      41.5000         300.000         246.500
      400.000
     2.000000E+06
     0.400000        0.400000
            0
      41.5000         300.000         246.500
      41.5000         300.000         246.500
      400.000
     2.000000E+06
     0.400000        0.400000
           1000.00000000
MODAL
            6
            1           0           1
            1           0           1
      1.00000         1000.00         1000.00         1000.00         0.00000         0.00000         0.00000
      0.00000         0.00000         100.000
      100.000         0.00000         0.00000
      1.00000         1000.00         1000.00         1000.00         0.00000         0.00000         0.00000
      0.00000         0.00000         100.000
      100.000         0.00000         0.00000
            1           0           1
            1           0           1
      1.00000         1000.00         1000.00         1000.00         0.00000         0.00000         0.00000
      0.00000         0.00000         100.000
      100.000         0.00000         0.00000
      1.00000         1000.00         1000.00         1000.00         0.00000         0.00000         0.00000
      0.00000         0.00000         100.000
      100.000         0.00000         0.00000
            1           0           1
            1           0           1
      1.00000         1000.00         1000.00         1000.00         0.00000         0.00000         0.00000
      0.00000         0.00000         100.000
      100.000         0.00000         0.00000
      1.00000         1000.00         1000.00         1000.00         0.00000         0.00000         0.00000
      0.00000         0.00000         100.000
      100.000         0.00000         0.00000
            1           0           1
            1           0           1
      1.00000         1000.00         1000.00         1000.00         0.00000         0.00000         0.00000
      0.00000         0.00000         100.000
      100.000         0.00000         0.00000
      1.00000         1000.00         1000.00         1000.00         0.00000         0.00000         0.00000
      0.00000         0.00000         100.000
      100.000         0.00000         0.00000
            1           0           1
            1           0           1
      1.00000         1000.00         1000.00         1000.00         0.00000         0.00000         0.00000
      0.00000         0.00000         100.000
      100.000         0.00000         0.00000
      1.00000         1000.00         1000.00         1000.00         0.00000         0.00000         0.00000
      0.00000         0.00000         100.000
      100.000         0.00000         0.00000
            1           0           1
            1           0           1
      1.00000         1000.00         1000.00         1000.00         0.00000         0.00000         0.00000
      0.00000         0.00000         100.000
      100.000         0.00000         0.00000
      1.00000         1000.00         1000.00         1000.00         0.00000         0.00000         0.00000
      0.00000         0.00000         100.000
      100.000         0.00000         0.00000
            0
FSETS
User Definable Default Set
            2
            2
      1.00000
      1.00000
      0.00000
      0.00000
      0.00000
      0.00000
            3
      1.00000
      1.00000
      0.00000
      0.00000
      0.00000
      0.00000
RAVEN_DEFAULTS
           14           7
      0.00000
      0.00000
      0.00000
      1250.00
      500.000
      2500.00
      3000.00
      2.00000
      2.00000
      16.0000
      1800.00
      1500.00
      1.00000
      1.00000
      50.0000         50.0000         50.0000         50.0000
      10.0000         10.0000         10.0000         10.0000
     0.400000        0.400000        0.400000        0.400000
      1.00000         1.00000         1.00000         1.00000
      18.1000         18.1000         18.1000         18.1000
     6.900000E-02    6.900000E-02    6.900000E-02    6.900000E-02
      3.00000         3.00000         3.00000         3.00000
FORCED_DAMP
            1
           3.00000000000
