VERSION
           15           3
            1
PARAMETERS
      60.0000         60.0000         20.0000
      3.00000        0.500000
      30.0000         5.00000
           2240.00000000              250.000000000              60.0000000000            0.00000000000
           40.0000000000
            2           2           2           2
            1           1           1           1
            0
TEMP_GRAPHICS
           15
           39           8           6
            1           1           3           1           1           0           0           0
      0.00000         0.00000         0.00000         0.00000         0.00000         0.00000
            1           2           3           1           1           0           0           0
      0.00000         0.00000         0.00000         0.00000         0.00000         0.00000
            1           3           6           2           2           0           0           0
      0.00000         0.00000         0.00000         0.00000         0.00000         0.00000
            1           4           6           1           1           0           0           0
      0.00000         0.00000         0.00000         0.00000         0.00000         0.00000
            1           5           6           1           1           0           0           0
      0.00000         0.00000         0.00000         0.00000         0.00000         0.00000
            1           7           8           2           1           0           0           0
      0.00000         0.00000         0.00000         0.00000         0.00000         0.00000
            1           8          12           2           1           0           0           0
      0.00000         0.00000         0.00000         0.00000         0.00000         0.00000
            1           8          16           2           1           0           0           0
      0.00000         0.00000         0.00000         0.00000         0.00000         0.00000
            1           8          15           2           1           0           0           0
      0.00000         0.00000         0.00000         0.00000         0.00000         0.00000
            1          12          15           1           1           0           0           0
      0.00000         0.00000         0.00000         0.00000         0.00000         0.00000
            1          12          16           1           1           0           0           0
      0.00000         0.00000         0.00000         0.00000         0.00000         0.00000
            4           9           3           2           1           0           6           0
      0.00000         0.00000         0.00000         0.00000         0.00000         0.00000
            1           9          10           1           1          12           0           0
      0.00000         0.00000         0.00000         0.00000         0.00000         0.00000
            2           1           2           1           1           0           0           0
      0.00000         0.00000         0.00000         0.00000         0.00000         0.00000
            2           4           5           1           1           0           0           0
      0.00000         0.00000         0.00000         0.00000         0.00000         0.00000
            2          15          16           1           1           0           0           0
      0.00000         0.00000         0.00000         0.00000         0.00000         0.00000
            1          23          25          23          23           0           0           0
      0.00000         0.00000         0.00000         0.00000         0.00000         0.00000
            1          24          25          23          23           0           0           0
      0.00000         0.00000         0.00000         0.00000         0.00000         0.00000
            1          25          28          24          24           0           0           0
      0.00000         0.00000         0.00000         0.00000         0.00000         0.00000
            1          26          28          23          23           0           0           0
      0.00000         0.00000         0.00000         0.00000         0.00000         0.00000
            1          27          28          23          23           0           0           0
      0.00000         0.00000         0.00000         0.00000         0.00000         0.00000
            1          29          30          24          23           0           0           0
      0.00000         0.00000         0.00000         0.00000         0.00000         0.00000
            1          30          34          24          23           0           0           0
      0.00000         0.00000         0.00000         0.00000         0.00000         0.00000
            1          30          38          24          23           0           0           0
      0.00000         0.00000         0.00000         0.00000         0.00000         0.00000
            1          30          37          24          23           0           0           0
      0.00000         0.00000         0.00000         0.00000         0.00000         0.00000
            1          34          37          23          23           0           0           0
      0.00000         0.00000         0.00000         0.00000         0.00000         0.00000
            1          34          38          23          23           0           0           0
      0.00000         0.00000         0.00000         0.00000         0.00000         0.00000
            4          31          25          24          23           0          28           0
      0.00000         0.00000         0.00000         0.00000         0.00000         0.00000
            1          31          32          23          23          12           0           0
      0.00000         0.00000         0.00000         0.00000         0.00000         0.00000
            2          23          24          23          23           0           0           0
      0.00000         0.00000         0.00000         0.00000         0.00000         0.00000
            2          26          27          23          23           0           0           0
      0.00000         0.00000         0.00000         0.00000         0.00000         0.00000
            2          37          38          23          23           0           0           0
      0.00000         0.00000         0.00000         0.00000         0.00000         0.00000
            1          45          47           1           1           0           0           0
      0.00000         0.00000         0.00000         0.00000         0.00000         0.00000
            1          46          48           1           1           0           0           0
      0.00000         0.00000         0.00000         0.00000         0.00000         0.00000
            3          47          49           1           1           0           0           0
      10.0000         30.0000         0.00000         0.00000         0.00000         0.00000
            3          48          50           1           1           0           0           0
      10.0000         30.0000         0.00000         0.00000         0.00000         0.00000
            3          49          51           1           1           0           0           0
      10.0000         0.00000         0.00000         0.00000         0.00000         0.00000
            3          50          51           1           1           0           0           0
      10.0000         0.00000         0.00000         0.00000         0.00000         0.00000
            3          56          57           0           0          12           0           0
      30.0000         0.00000         0.00000         0.00000         0.00000         0.00000
TEMP_SETTINGS
           15
Double Wishbone, Rocker arm damper
           16          57          31          16           3
Lower Wishbone
Upper Wishbone
Track Rod
Pull Rod
Rocker
Upright
Lower Wishbone(2)
Upper Wishbone(2)
Track Rod(2)
Pull Rod(2)
Rocker(2)
Upright(2)
Drop Link 1
Drop Link 2
Roll Bar Part 1
Roll Bar Part 2
Lower wishbone front pivot
Not Defined
Not Defined
Not Defined
Not Defined
Not Defined
     -21.5000         75.0000         163.000
            1           0           1          -1           1           0           0           0           0
            0           0           0           0           0           0          23
Lower wishbone rear pivot
Not Defined
Not Defined
Not Defined
Not Defined
Not Defined
      588.000         75.0000         165.000
            2           0           1          -1           2           0           0           0           0
            0           0           0           0           0           0          24
Lower wishbone outer ball joint
Not Defined
Not Defined
Not Defined
Not Defined
Not Defined
      156.600         805.500         189.000
            3           1           1           6           3           1           2           0           6
            9           0           9           0           0           0          25
Upper wishbone front pivot
Not Defined
Not Defined
Not Defined
Not Defined
Not Defined
      19.7000         148.390         377.000
            5           0           2          -1           4           0           0           0           0
            0           0           0           0           0           0          26
Upper wishbone rear pivot
Not Defined
Not Defined
Not Defined
Not Defined
Not Defined
      588.000         148.390         377.000
            6           0           2          -1           5           0           0           0           0
            0           0           0           0           0           0          27
Upper wishbone outer ball joint
Not Defined
Not Defined
Not Defined
Not Defined
Not Defined
      162.000         772.500         408.500
            7           1           2           6           6           4           5           0           3
            9           0           8           0           0           0          28
Push rod wishbone end
Not Defined
Not Defined
Not Defined
Not Defined
Not Defined
      150.000         700.000         425.000
            8           5           2           4           9           4           5           6           0
            0           0           0           0           0           1          29
Push rod rocker end
Not Defined
Not Defined
Not Defined
Not Defined
Not Defined
      165.000         350.000         225.000
            9           1           4           5          10           7           0           0          15
           16           0           0           0           0           0          30
Outer track rod ball joint
Not Defined
Not Defined
Not Defined
Not Defined
Not Defined
      80.0000         798.000         405.000
           11           1           3           6           8          10           0           0           3
            6           0           0           0           0           0          31
Inner track rod ball joint
Not Defined
Not Defined
Not Defined
Not Defined
Not Defined
     -21.5000         153.000         372.500
           12           0           3          -1           7           0           0           0           0
            0           0           3           0           0           0          32
Damper to body point
Not Defined
Not Defined
Not Defined
Not Defined
Not Defined
      155.000         175.000         585.000
           16           0          -1           0           0           0           0           0           0
            0           0           5           7           0           0          33
Damper to rocker point
Not Defined
Not Defined
Not Defined
Not Defined
Not Defined
      162.000         300.000         245.000
           17           2           5           0           0           8          15          16           0
            0           0           4           6           0           0          34
Wheel spindle point
DERIVED
Not Defined
Not Defined
Not Defined
Not Defined
      160.000         794.000         306.000
           18           5           6           0           0           3           9          14           0
            0           0           2           0           0           0          35
Wheel centre point
Not Defined
Not Defined
Not Defined
Not Defined
Not Defined
      160.000         894.000         310.000
           19           3           6           0           0           3           6           9           0
            0           0           1           0           0           0          36
Rocker axis 1st point
Not Defined
Not Defined
Not Defined
Not Defined
Not Defined
      205.000         92.0000         285.000
           20           0           5          -1          11           0           0           0           0
            0           0           0           0           0           0          37
Rocker axis 2nd point
Not Defined
Not Defined
Not Defined
Not Defined
Not Defined
      100.000         92.0000         288.000
           21           0           5          -1          12           0           0           0           0
            0           0           0           0           0           0          38
Part 1 C of G
Not Defined
Not Defined
Not Defined
Not Defined
Not Defined
      240.000         320.000         170.000
           22           2           1           0           0           1           2           3           0
            0           0          25           0           0           0          39
Part 2 C of G
Not Defined
Not Defined
Not Defined
Not Defined
Not Defined
      230.000         440.000         395.000
           23           2           2           0           0           4           5           6           0
            0           0          25           0           0           0          40
Part 3 C of G
Not Defined
Not Defined
Not Defined
Not Defined
Not Defined
      29.0000         475.000         390.000
           24           7           3           0           0          10           9           0           0
            0           0          25           0           0           0          41
Part 4 C of G
Not Defined
Not Defined
Not Defined
Not Defined
Not Defined
      155.000         525.000         325.000
           25           7           4           0           0           8           9           0           0
            0           0          25           0           0           0          42
Part 5 C of G
Not Defined
Not Defined
Not Defined
Not Defined
Not Defined
      155.000         180.000         265.000
           26           2           5           0           0          15          16           8           0
            0           0          25           0           0           0          43
Part 6 C of G
Not Defined
Not Defined
Not Defined
Not Defined
Not Defined
      135.000         790.000         335.000
           27           2           6           0           0           3           6           9           0
            0           0          25           0           0           0          44
Lower wishbone front pivot(2)
Not Defined
Not Defined
Not Defined
Not Defined
Not Defined
     -21.5000        -75.0000         163.000
           28           0           7          -1          13           0           0           0           0
            0           0           0           0           0           0           1
Lower wishbone rear pivot(2)
Not Defined
Not Defined
Not Defined
Not Defined
Not Defined
      588.000        -75.0000         165.000
           29           0           7          -1          14           0           0           0           0
            0           0           0           0           0           0           2
Lower wishbone outer ball joint(2)
Not Defined
Not Defined
Not Defined
Not Defined
Not Defined
      156.600        -805.500         189.000
           30           1           7          12          15          23          24           0          28
           31           0          27           0           0           0           3
Upper wishbone front pivot(2)
Not Defined
Not Defined
Not Defined
Not Defined
Not Defined
      19.7000        -148.390         377.000
           31           0           8          -1          16           0           0           0           0
            0           0           0           0           0           0           4
Upper wishbone rear pivot(2)
Not Defined
Not Defined
Not Defined
Not Defined
Not Defined
      588.000        -148.390         377.000
           32           0           8          -1          17           0           0           0           0
            0           0           0           0           0           0           5
Upper wishbone outer ball joint(2)
Not Defined
Not Defined
Not Defined
Not Defined
Not Defined
      162.000        -772.500         408.500
           33           1           8          12          18          26          27           0          25
           31           0          26           0           0           0           6
Push rod wishbone end(2)
Not Defined
Not Defined
Not Defined
Not Defined
Not Defined
      150.000        -700.000         425.000
           34           5           8          10          21          26          27          28           0
            0           0           0           0           0           1           7
Push rod rocker end(2)
Not Defined
Not Defined
Not Defined
Not Defined
Not Defined
      165.000        -350.000         225.000
           35           1          10          11          22          29           0           0          37
           38           0           0           0           0           0           8
Outer track rod ball joint(2)
Not Defined
Not Defined
Not Defined
Not Defined
Not Defined
      80.0000        -798.000         405.000
           36           1           9          12          20          32           0           0          25
           28           0           0           0           0           0           9
Inner track rod ball joint(2)
Not Defined
Not Defined
Not Defined
Not Defined
Not Defined
     -21.5000        -153.000         372.500
           37           0           9          -1          19           0           0           0           0
            0           0          33           0           0           0          10
Damper to body point(2)
Not Defined
Not Defined
Not Defined
Not Defined
Not Defined
      155.000        -175.000         585.000
           38           0          -1           0           0           0           0           0           0
            0           0          19          21           0           0          11
Damper to rocker point(2)
Not Defined
Not Defined
Not Defined
Not Defined
Not Defined
      162.000        -300.000         245.000
           39           2          11           0           0          30          37          38           0
            0           0          18          20           0           0          12
Wheel spindle point(2)
Not Defined
Not Defined
Not Defined
Not Defined
Not Defined
      160.000        -794.000         306.000
           40           5          12           0           0          25          31          36           0
            0           0          23           0           0           0          13
Wheel centre point(2)
Not Defined
Not Defined
Not Defined
Not Defined
Not Defined
      160.000        -894.000         310.000
           41           3          12           0           0          25          28          31           0
            0           0          17           0           0           0          14
Rocker axis 1st point(2)
Not Defined
Not Defined
Not Defined
Not Defined
Not Defined
      205.000        -92.0000         285.000
           42           0          11          -1          23           0           0           0           0
            0           0           0           0           0           0          15
Rocker axis 2nd point(2)
Not Defined
Not Defined
Not Defined
Not Defined
Not Defined
      100.000        -92.0000         288.000
           43           0          11          -1          24           0           0           0           0
            0           0           0           0           0           0          16
Part 1 C of G(2)
Not Defined
Not Defined
Not Defined
Not Defined
Not Defined
      240.000        -320.000         170.000
           44           2           7           0           0          23          24          25           0
            0           0          25           0           0           0          17
Part 2 C of G(2)
Not Defined
Not Defined
Not Defined
Not Defined
Not Defined
      230.000        -440.000         395.000
           45           2           8           0           0          26          27          28           0
            0           0          25           0           0           0          18
Part 3 C of G(2)
Not Defined
Not Defined
Not Defined
Not Defined
Not Defined
      29.0000        -475.000         390.000
           46           7           9           0           0          32          31           0           0
            0           0          25           0           0           0          19
Part 4 C of G(2)
Not Defined
Not Defined
Not Defined
Not Defined
Not Defined
      155.000        -525.000         325.000
           47           7          10           0           0          30          31           0           0
            0           0          25           0           0           0          20
Part 5 C of G(2)
Not Defined
Not Defined
Not Defined
Not Defined
Not Defined
      155.000        -180.000         265.000
           48           2          11           0           0          37          38          30           0
            0           0          25           0           0           0          21
Part 6 C of G(2)
Not Defined
Not Defined
Not Defined
Not Defined
Not Defined
      135.000        -790.000         335.000
           49           2          12           0           0          25          28          31           0
            0           0          25           0           0           0          22
Roll Bar Attachment 1
Not Defined
Not Defined
Not Defined
Not Defined
Not Defined
     -7.37333         229.667         629.100
           45           2           5          13          25          15          16           8           0
            0           0          14           0           0           0          46
Roll Bar Attachment 2
Not Defined
Not Defined
Not Defined
Not Defined
Not Defined
     -7.37333        -229.667         629.100
           46           2          11          14          26          37          38          30           0
            0           0          32           0           0           0          45
Roll Bar to Link1
Not Defined
Not Defined
Not Defined
Not Defined
Not Defined
     -7.37333         227.667         729.100
           47           8          13          15          27          45          49          50           0
            0           0           0           0           0           0          48
Roll Bar to Link2
Not Defined
Not Defined
Not Defined
Not Defined
Not Defined
     -7.37333        -231.667         729.100
           48           8          14          16          28          46          50          49           0
            0           0           0           0           0           0          47
Roll Bar Mount 1
Not Defined
Not Defined
Not Defined
Not Defined
Not Defined
     -507.373         160.767         729.100
           49           0          15          -1          29           0           0           0           0
            0           0           0           0           0           0          50
Roll Bar Mount 2
Not Defined
Not Defined
Not Defined
Not Defined
Not Defined
     -507.373        -160.767         729.100
           50           0          16          -1          30           0           0           0           0
            0           0           0           0           0           0          49
Roll Bar Revolute
Not Defined
Not Defined
Not Defined
Not Defined
Not Defined
     -507.373         0.00000         729.100
           51           9          15          16          31           0           0           0           0
            0           0          34           0           0           0           0
Drop Link 1 C of G
Not Defined
Not Defined
Not Defined
Not Defined
Not Defined
     -7.37333         229.667         679.100
           52           7          13           0           0          45          47           0           0
            0           0          25           0           0           0          53
Drop Link 2 C of G
Not Defined
Not Defined
Not Defined
Not Defined
Not Defined
     -7.37333        -229.667         679.100
           53           7          14           0           0          46          48           0           0
            0           0          25           0           0           0          52
Roll Bar 1 C of G
Not Defined
Not Defined
Not Defined
Not Defined
Not Defined
     -257.373         195.217         729.100
           54           2          15           0           0          47          49          51           0
            0           0          25           0           0           0          55
Roll Bar 2 C of G
Not Defined
Not Defined
Not Defined
Not Defined
Not Defined
     -257.373        -195.217         729.100
           55           2          16           0           0          48          50          51           0
            0           0          25           0           0           0          54
steering rack 1
Not Defined
Not Defined
Not Defined
Not Defined
Not Defined
     -87.0000         220.000         151.400
            0           0          -1           0           0           0           0           0           0
            0           0           0           0           0           0           0
steering rack 2
Not Defined
Not Defined
Not Defined
Not Defined
Not Defined
     -87.0000        -220.000         151.400
            0           0          -1           0           0           0           0           0           0
            0           0           0           0           0           0           0
            1           2           3
      0.00000         0.00000         0.00000
      1.00000         1.00000         1.00000
EXTENDED_TYRE
            0           0
FRONT SUSPENSION
           15
          -157.000000000              192.500000000              125.000000000
           143.000000000              192.500000000              125.000000000
          -10.1000003815              573.880004883              145.800003052
          -157.000000000              307.500000000              321.200012207
           143.000000000              307.500000000              321.200012207
          -7.03999996185              542.000000000              377.600006104
          -7.03999996185              519.320007324              403.299987793
          -7.03999996185              259.000000000              651.299987793
          -63.0999984741              582.000000000              180.399993896
          -87.0000000000              225.000000000              151.399993896
          -7.03999996185              49.4000015259              652.070007324
          -7.03999996185              217.190002441              679.359985352
         0.00000000000                515.799987793              261.299987793
         0.00000000000                618.299987793              264.799987793
          -7.03999996185              215.000000000              618.000000000
          -8.03999996185              215.000000000              618.000000000
           240.000000000              296.487701416              155.318206787
           230.000000000              410.734710693              384.742401123
           26.4057998657              441.477691650              383.727386475
           155.785202026              497.571502686              321.587005615
           155.000000000              123.876296997              230.478897095
           135.000000000              762.533020020              338.485992432
          -157.000000000             -192.500000000              125.000000000
           143.000000000             -192.500000000              125.000000000
          -10.1000003815             -573.880004883              145.800003052
          -157.000000000             -307.500000000              321.200012207
           143.000000000             -307.500000000              321.200012207
          -7.03999996185             -542.000000000              377.600006104
          -7.03999996185             -519.320007324              403.299987793
          -7.03999996185             -259.000000000              651.299987793
          -63.0999984741             -582.000000000              180.399993896
          -87.0000000000             -225.000000000              151.399993896
          -7.03999996185             -49.4000015259              652.070007324
          -7.03999996185             -217.190002441              679.359985352
         0.00000000000               -515.799987793              261.299987793
         0.00000000000               -618.299987793              264.799987793
          -7.03999996185             -215.000000000              618.000000000
          -8.03999996185             -215.000000000              618.000000000
           240.000000000             -296.487701416              155.318206787
           230.000000000             -410.734710693              384.742401123
           26.4057998657             -441.477691650              383.727386475
           155.785202026             -497.571502686              321.587005615
           155.000000000             -123.876296997              230.478897095
           135.000000000             -762.533020020              338.485992432
          -7.37333345413              229.666671753              629.099975586
          -7.37333345413             -229.666671753              629.099975586
          -7.37333345413              231.666671753              579.099975586
          -7.37333345413             -231.666671753              579.099975586
          -127.373321533              235.766662598              579.099975586
          -127.373321533             -235.766662598              579.099975586
          -127.373321533            0.00000000000                579.099975586
          -7.37333345413              229.666671753              679.099975586
          -7.37333345413             -229.666671753              679.099975586
          -257.373321533              195.216674805              729.099975586
          -257.373321533             -195.216674805              729.099975586
          -87.0000000000              220.000000000              151.399993896
          -87.0000000000             -220.000000000              151.399993896
           225.000000000
TOLERANCES
        1.000000000000E-10         5.000000000000E-02         5.000000000000E-02
TITLES
            0
TYRE
           150.000000000              150.000000000              150.000000000              150.000000000
ROLL SOLUTION
            1
GROUPS
            2
Points 1,2 and 3 (front)
            3
            1           1
            2           1
            3           1
Points 3 and 7 (front)
            2
            3           1
            7           1
COMPLIANCE
            0
      41.5000         300.000         246.500
      41.5000         300.000         246.500
      400.000
     2.000000E+06
     0.400000        0.400000
            0
      41.5000         300.000         246.500
      41.5000         300.000         246.500
      400.000
     2.000000E+06
     0.400000        0.400000
           1000.00000000
MODAL
           16
            1           0           1
            1           0           1
      1.00000         1000.00         1000.00         1000.00         0.00000         0.00000         0.00000
      0.00000         0.00000         100.000
      100.000         0.00000         0.00000
      1.00000         1000.00         1000.00         1000.00         0.00000         0.00000         0.00000
      0.00000         0.00000         100.000
      100.000         0.00000         0.00000
            1           0           1
            1           0           1
      1.00000         1000.00         1000.00         1000.00         0.00000         0.00000         0.00000
      0.00000         0.00000         100.000
      100.000         0.00000         0.00000
      1.00000         1000.00         1000.00         1000.00         0.00000         0.00000         0.00000
      0.00000         0.00000         100.000
      100.000         0.00000         0.00000
            1           0           1
            1           0           1
      1.00000         1000.00         1000.00         1000.00         0.00000         0.00000         0.00000
      0.00000         0.00000         100.000
      100.000         0.00000         0.00000
      1.00000         1000.00         1000.00         1000.00         0.00000         0.00000         0.00000
      0.00000         0.00000         100.000
      100.000         0.00000         0.00000
            1           0           1
            1           0           1
      1.00000         1000.00         1000.00         1000.00         0.00000         0.00000         0.00000
      0.00000         0.00000         100.000
      100.000         0.00000         0.00000
      1.00000         1000.00         1000.00         1000.00         0.00000         0.00000         0.00000
      0.00000         0.00000         100.000
      100.000         0.00000         0.00000
            1           0           1
            1           0           1
      1.00000         1000.00         1000.00         1000.00         0.00000         0.00000         0.00000
      0.00000         0.00000         100.000
      100.000         0.00000         0.00000
      1.00000         1000.00         1000.00         1000.00         0.00000         0.00000         0.00000
      0.00000         0.00000         100.000
      100.000         0.00000         0.00000
            1           0           1
            1           0           1
      1.00000         1000.00         1000.00         1000.00         0.00000         0.00000         0.00000
      0.00000         0.00000         100.000
      100.000         0.00000         0.00000
      1.00000         1000.00         1000.00         1000.00         0.00000         0.00000         0.00000
      0.00000         0.00000         100.000
      100.000         0.00000         0.00000
            1           0           1
            1           0           1
      1.00000         1000.00         1000.00         1000.00         0.00000         0.00000         0.00000
      0.00000         0.00000         100.000
      100.000         0.00000         0.00000
      1.00000         1000.00         1000.00         1000.00         0.00000         0.00000         0.00000
      0.00000         0.00000         100.000
      100.000         0.00000         0.00000
            1           0           1
            1           0           1
      1.00000         1000.00         1000.00         1000.00         0.00000         0.00000         0.00000
      0.00000         0.00000         100.000
      100.000         0.00000         0.00000
      1.00000         1000.00         1000.00         1000.00         0.00000         0.00000         0.00000
      0.00000         0.00000         100.000
      100.000         0.00000         0.00000
            1           0           1
            1           0           1
      1.00000         1000.00         1000.00         1000.00         0.00000         0.00000         0.00000
      0.00000         0.00000         100.000
      100.000         0.00000         0.00000
      1.00000         1000.00         1000.00         1000.00         0.00000         0.00000         0.00000
      0.00000         0.00000         100.000
      100.000         0.00000         0.00000
            1           0           1
            1           0           1
      1.00000         1000.00         1000.00         1000.00         0.00000         0.00000         0.00000
      0.00000         0.00000         100.000
      100.000         0.00000         0.00000
      1.00000         1000.00         1000.00         1000.00         0.00000         0.00000         0.00000
      0.00000         0.00000         100.000
      100.000         0.00000         0.00000
            1           0           1
            1           0           1
      1.00000         1000.00         1000.00         1000.00         0.00000         0.00000         0.00000
      0.00000         0.00000         100.000
      100.000         0.00000         0.00000
      1.00000         1000.00         1000.00         1000.00         0.00000         0.00000         0.00000
      0.00000         0.00000         100.000
      100.000         0.00000         0.00000
            1           0           1
            1           0           1
      1.00000         1000.00         1000.00         1000.00         0.00000         0.00000         0.00000
      0.00000         0.00000         100.000
      100.000         0.00000         0.00000
      1.00000         1000.00         1000.00         1000.00         0.00000         0.00000         0.00000
      0.00000         0.00000         100.000
      100.000         0.00000         0.00000
            1           0           1
            1           0           1
      1.00000         1.00000         1.00000         1.00000         0.00000         0.00000         0.00000
      100.000         0.00000         0.00000
      0.00000         0.00000         100.000
      1.00000         1.00000         1.00000         1.00000         0.00000         0.00000         0.00000
      100.000         0.00000         0.00000
      0.00000         0.00000         100.000
            1           0           1
            1           0           1
      1.00000         1.00000         1.00000         1.00000         0.00000         0.00000         0.00000
      100.000         0.00000         0.00000
      0.00000         0.00000         100.000
      1.00000         1.00000         1.00000         1.00000         0.00000         0.00000         0.00000
      100.000         0.00000         0.00000
      0.00000         0.00000         100.000
            1           0           1
            1           0           1
      1.00000         1.00000         1.00000         1.00000         0.00000         0.00000         0.00000
      100.000         0.00000         0.00000
      0.00000         0.00000         100.000
      1.00000         1.00000         1.00000         1.00000         0.00000         0.00000         0.00000
      100.000         0.00000         0.00000
      0.00000         0.00000         100.000
            1           0           1
            1           0           1
      1.00000         1.00000         1.00000         1.00000         0.00000         0.00000         0.00000
      100.000         0.00000         0.00000
      0.00000         0.00000         100.000
      1.00000         1.00000         1.00000         1.00000         0.00000         0.00000         0.00000
      100.000         0.00000         0.00000
      0.00000         0.00000         100.000
            0
FSETS
User Definable Default Set
            2
            2
      1.00000
      1.00000
      0.00000
      0.00000
      0.00000
      0.00000
            3
      1.00000
      1.00000
      0.00000
      0.00000
      0.00000
      0.00000
RAVEN_DEFAULTS
           14           7
      0.00000
      0.00000
      0.00000
      1250.00
      500.000
      2500.00
      3000.00
      2.00000
      2.00000
      16.0000
      1800.00
      1500.00
      1.00000
      1.00000
      50.0000         50.0000         50.0000         50.0000
      10.0000         10.0000         10.0000         10.0000
     0.400000        0.400000        0.400000        0.400000
      1.00000         1.00000         1.00000         1.00000
      18.1000         18.1000         18.1000         18.1000
     6.900000E-02    6.900000E-02    6.900000E-02    6.900000E-02
      3.00000         3.00000         3.00000         3.00000
FORCED_DAMP
            1
           3.00000000000
